5528,2008,1661,-99,-78,-62,-17,-2,-2
3088,2748,-1039,-103,-136,94,-5,0,-4
628,-1052,161,20,33,-92,-5,2,8
-522,1458,-79,88,23,4,-6,-9,0
2138,438,2401,-108,53,-57,0,-7,-6
-572,1448,-1619,80,118,39,-5,-18,4
-85,-240,1162,-34,24,-66,5,-1,-1
-475,-1125,-128,112,51,-36,-10,3,6
865,1539,-5703,-127,-98,100,7,3,10
-210,1439,5022,7,-16,-95,0,-3,-8
-1835,-2261,3647,20,-11,-157,4,8,1
-4710,-286,-603,57,105,0,10,-7,2
-1410,-1611,-778,-49,15,85,8,4,-4
-1810,39,47,32,-116,0,3,9,0
-3710,789,-2328,30,23,69,9,-4,2
1615,839,1622,129,21,-37,-15,-4,-2
940,864,-578,-39,-110,103,0,6,-6
1140,-2011,8972,-203,122,-110,12,-3,-19
-2644,-5170,2939,-31,-14,-29,6,9,-3
926,-3035,-876,83,-39,62,-6,7,-2
-2049,-515,1504,-30,-39,30,5,3,-4
-544,-6920,-421,-37,-36,-59,3,13,4
-6669,-2300,1189,-42,12,3,13,3,-2
7611,-1600,-5111,-36,82,-15,-10,-2,9
2921,-7095,7174,-82,41,-204,0,9,0
-1594,10152,2479,81,-35,-58,-2,-16,-1
-868,1605,-1217,127,37,37,-6,-5,0
-5554,2496,796,-54,95,146,13,-10,-10
7019,1671,136,-10,-50,30,-12,0,-2
-9443,-8061,-7152,33,37,71,11,9,6
5529,5733,-11161,-10,-14,40,-7,-7,13
3629,-6123,752,118,-14,19,-11,9,-2
3177,579,89,91,-34,-55,-11,1,3
8655,-4470,-6907,-41,153,106,-13,-1,6
1098,-2391,3455,1,-12,-72,-2,5,-2
702,5925,2597,-4,76,-97,-1,-15,1
2414,-8256,-2753,-37,103,11,-2,8,4
-2312,-10398,-2991,-3,-9,-52,4,18,8
-4216,-3360,5305,88,29,-16,2,4,-8
7208,-6182,6733,-38,42,-23,-10,8,-10
5780,7163,5628,-101,-18,27,-4,-11,-11
5610,-2969,-475,114,35,-91,-16,3,6
629,6874,-4487,-72,8,62,3,-12,4
-316,-647,2784,18,-14,-12,0,5,-15
-2611,2890,-2229,155,27,86,-1,-20,4
-4672,-935,-1725,127,-17,-56,14,7,16
-62,74,92,5,-4,-21,0,0,2
-1553,-1382,519,74,100,-74,5,0,5
148,-906,855,80,96,-38,-12,-4,-3
-636,-1725,106,76,102,83,-4,3,-12
1569,956,358,-104,-67,5,-1,0,-4
288,144,-342,-65,-9,55,6,0,-4
148,-682,1030,5,-55,-73,-2,14,0
1219,2167,-1343,-19,-116,74,-9,-5,3
2297,4,-2120,-171,31,152,1,-4,0
-944,-1200,1254,38,12,-29,4,10,-8
1467,-1738,-397,91,96,27,-11,-2,-1
-4474,2032,695,36,-22,-42,10,-4,1
284,-3454,-4063,42,108,6,-4,2,11
1740,-1296,149,-41,-29,-21,-2,6,1
-3265,4840,-514,57,32,18,5,-16,0
1571,-1582,4751,33,63,-117,-7,0,-5
1155,3241,-1164,-5,26,-65,-3,-11,8
-873,-5157,942,46,-29,-119,-1,17,6
1974,56,4335,-23,-54,7,-4,4,-13
-2790,906,3523,43,-64,-58,6,2,-7
2814,-30,-857,-3,0,-63,-9,0,8
2874,1710,-1337,-143,-35,7,2,-3,4
2646,-186,-1853,4,19,66,-9,-1,1
162,-1386,-1577,-5,-6,-58,0,5,10
-345,4279,-674,20,-125,-5,0,-10,4
339,-224,2043,-46,-18,-38,3,3,-7
2087,-756,-3505,-88,40,74,-2,0,11
-5628,1720,-1280,120,45,0,2,-5,2
7332,4006,-2504,19,74,71,-12,-10,0
-6978,-1502,7486,65,116,-3,7,-4,-11
1194,1090,6100,-88,44,54,3,-4,-12
-6042,-1178,1402,113,70,55,3,-2,-5
-768,16336,-6914,22,-65,138,0,-21,3
-1308,-3176,-3926,111,33,18,-4,3,5
-13638,5302,9322,102,1,-17,15,-8,-13
-643,1185,2796,39,-28,-62,-1,-1,-3
5621,-2055,1257,-81,22,79,-9,4,-9
1776,2127,-4385,-68,-22,65,1,-2,3
-4812,2649,4129,-107,19,32,13,-5,-8
6276,-7125,2293,-8,87,-28,-9,6,-2
-8448,-3129,-731,-117,87,56,19,0,-2
1830,3333,3319,-14,-74,-112,-2,-1,1
13170,1479,-2531,-144,-41,69,-12,0,0
8688,4233,-1631,-75,-25,7,-9,-5,2
-3246,9705,-10307,53,-66,100,2,-11,10
-3930,-825,-1793,72,23,-81,2,0,7
7950,-2769,-1595,-73,77,43,-8,0,0
7078,10453,-9428,-12,6,95,-10,-16,9
-9050,-1967,-482,66,18,-24,10,2,2
10948,-545,-4784,-64,-3,151,-13,1,-1
7744,-7673,328,-49,-27,-28,-9,13,1
1660,-5747,-3686,-65,86,139,1,4,-2
8356,283,3262,45,-137,20,-15,7,-6
-1310,-3623,-878,-1,-47,98,2,8,-4
-1694,-1403,-4339,-4,0,-25,4,3,11
616,-2843,4301,-19,17,-65,0,5,-5
-4694,682,806,34,-178,-57,8,10,2
-1064,-1613,-994,68,100,-28,-2,-3,4
-344,5617,-5029,13,-17,122,0,-11,3
-785,1887,-954,33,4,-81,0,-6,9
-835,2737,3271,74,-17,-3,-3,-7,-10
665,2437,4196,1,-44,-105,-2,-4,-5
1415,-3888,-229,49,40,33,-8,9,-2
-2935,-138,-4829,-24,-71,-82,11,6,21
-360,4012,2721,-49,-29,-111,5,-10,0
2840,2812,571,-8,19,-116,-8,-10,7
1040,562,-4404,103,-34,70,-11,1,8
-885,-363,246,-93,-36,27,10,4,-3
-1325,-1036,550,193,22,-19,-13,6,-2
310,3584,-185,76,-158,6,-12,-10,1
-830,-586,70,8,40,-3,6,0,0
-95,764,-515,-41,-50,-28,6,0,8
-1700,-316,595,66,30,-30,6,-1,-1
-1385,1949,-1175,45,-49,-16,6,-10,12
-575,-2686,205,-33,140,36,9,5,-6
-1460,2384,100,90,-110,-77,1,-6,9
-1820,-136,2380,50,10,-157,9,0,0
-515,554,1000,-29,44,-65,8,-10,0
4035,-1915,4727,-3,22,-73,-9,3,-6
-4462,7713,2958,95,-85,-27,4,-12,-5
4731,-3655,-1885,33,142,5,-13,-1,4
-6985,8003,1943,182,-80,-112,4,-13,3
-9131,-2089,-6670,136,-32,110,12,7,8
-2461,-349,2552,-34,13,-43,8,0,-3
2875,-1190,-3248,-8,-123,-23,-6,11,9
-203,567,1571,13,-27,-16,0,-2,-15
-8,-1994,-756,61,30,79,-9,18,-3
-2309,-1461,-457,133,122,42,6,-1,-1
785,-785,-2693,-28,91,95,-5,-4,16
-489,723,-925,-42,24,36,11,-11,5
-1685,-5,-28,183,-60,9,-8,9,-1
-86,2166,-171,11,-80,-15,-1,-12,4
-541,1555,-1471,81,-26,120,-6,-13,-1
-541,801,1012,-45,-115,-29,12,8,-7
509,373,999,-38,-23,-83,-3,-2,-3
-996,1353,1354,96,-66,-36,0,-12,-18
1689,-1572,-86,-134,122,20,-7,7,-2
4870,4266,-10214,68,66,25,-11,-10,14
9712,3312,-6146,-11,-111,97,-14,1,4
-3608,4446,-6686,63,24,75,2,-8,6
7192,3204,550,-15,-108,-15,-10,1,0
550,-6624,-3392,114,54,39,-7,7,3
32,540,-1030,-73,-94,74,12,7,5
-1073,695,-65,98,-71,-17,1,0,4
12,415,-1405,-16,-43,139,2,0,0
-599,-7613,1406,-10,173,-78,2,6,2
1025,2595,2682,24,-44,28,-4,-3,-8
5027,-160,2885,-69,6,-9,-7,0,-6
-657,-392,-4510,-38,14,81,4,0,5
-1382,2160,1899,17,46,10,2,-8,-5
155,2189,1696,-6,-15,-58,0,-4,0
-2629,2305,-5583,30,-34,73,4,-3,8
1547,2556,-3707,-47,101,-49,0,-11,10
-7525,4300,2229,220,-135,-53,1,0,-1
3195,924,4005,17,119,-158,-7,-9,2
934,646,471,-50,-34,27,0,0,-5
-3151,361,-1011,65,-19,45,10,0,1
-393,-612,-221,27,40,13,2,4,1
182,-1102,-1236,-58,78,120,7,6,0
-1371,-2411,1311,20,1,-54,3,8,0
-1203,661,-4041,38,-27,44,1,0,10
-2319,1573,735,97,35,45,0,-8,-6
2481,-155,-1617,-53,-18,68,-4,2,0
-99,2857,867,67,-56,2,-5,-5,-3
-915,-1379,459,26,-42,19,1,8,-3
-195,1117,351,21,-21,36,-1,-2,-4
-8270,-1793,-2498,129,34,71,6,1,0
-7255,-3018,5202,136,87,-185,4,0,2
3805,-3753,407,-54,-36,-84,-3,8,4
-8305,587,757,76,56,-130,9,-4,6
-4070,-1443,-2008,9,-66,-51,6,6,6
4120,-6693,-293,63,66,-64,-10,7,4
6710,937,6917,7,-26,-72,-11,0,-7
1880,1742,162,55,-67,-23,-6,1,1
-1585,-6728,582,46,13,19,0,10,-2
1143,-685,-660,-43,38,63,-4,1,-2
528,-1060,1080,22,-1,-69,-7,9,0
-522,-1540,-765,36,95,30,0,1,3
-1062,-2335,900,48,108,-113,3,6,7
700,5495,-2555,-25,-138,91,0,-4,0
-728,413,1421,26,-58,-167,0,3,8
2954,2877,-5411,-62,-30,135,-3,-5,4
126,-4767,2891,39,-47,27,-3,15,-9
-5992,483,-2639,98,41,7,8,-4,6
-5866,1771,3479,50,-34,-81,11,-2,-3
700,1141,-2387,4,3,56,-2,-3,2
-6370,-259,2191,68,-63,81,11,5,-11
-224,6069,609,66,1,-109,-4,-15,6
4732,-2891,-2149,-24,2,4,-10,7,5
3901,-9,-11124,-83,38,39,-1,-2,13
-4174,5558,-427,149,67,50,-2,-11,-2
1393,-2004,8826,-134,32,-57,5,1,-9
-982,-2156,-6678,-13,-3,39,2,3,7
-5485,979,-6830,47,51,43,5,-4,7
-2160,9567,9852,57,-19,-45,0,-12,-11
-3455,399,4198,-64,3,41,11,-1,-11
-3424,3127,9375,47,-101,18,4,0,-20
7116,7188,-638,-53,-40,101,-11,-12,-5
792,-2701,5872,-105,-9,-93,5,6,-6
4636,-3166,-762,-149,102,9,0,0,1
10495,-1058,416,-162,34,-45,-11,0,2
2838,-4561,3392,-91,99,-109,0,3,0
1743,-265,1161,-83,-11,-11,-7,4,-11
326,-460,1031,-65,11,-106,6,3,4
-896,372,-568,-13,-4,59,12,-4,-2
534,-486,2266,-39,-15,-103,0,7,-10
-116,-226,2006,67,35,-34,-8,-3,-17
-779,1282,1395,69,-102,-57,-1,0,-7
547,1334,-1400,-12,-50,-10,-4,-8,17
573,1126,-906,0,-55,36,-6,-5,5
-1871,-785,1135,34,64,-114,16,-1,4
1291,-387,365,126,-75,-98,-16,8,7
4019,5377,-1065,-159,-84,59,-2,-14,-1
312,603,1289,44,64,21,-5,-8,-7
-172,-79,486,89,-43,-46,-7,4,2
2116,-376,959,54,-41,-56,-13,5,1
3205,-1454,3104,-145,31,-96,0,3,-4
1676,779,2994,-18,-36,-68,-5,0,-6
-2856,-1223,-1494,-19,32,-2,13,2,6
840,-3324,-2396,-95,139,108,5,1,0
1008,202,2565,-51,42,-153,-1,-6,0
-318,-2093,-359,36,6,37,-2,13,-2
-1066,-1617,-1192,71,23,50,-1,8,2
260,627,-2110,20,26,122,-4,-7,0
2385,-1175,1222,-96,60,52,-5,1,-14
821,-631,746,32,37,-73,-9,0,3
-420,1358,-1634,-12,10,94,4,-10,0
2011,3245,916,-92,-38,-65,-3,-17,1
-1406,-495,712,-44,-43,-53,14,8,1
3084,439,-173,-73,-33,75,-6,1,-6
-1019,-2663,25,33,39,-3,1,7,0
-4000,296,3259,88,54,-104,8,-6,-4
1082,3057,-3132,64,-60,175,-10,-7,-3
-1404,296,1125,108,31,-53,-4,-4,0
169,-1057,3446,-113,150,-9,9,-9,-13
1654,1506,14,-54,45,170,-2,-10,-15
-4277,-1277,-2078,43,104,134,9,-4,-4
-4095,-3227,4032,36,152,-101,9,-2,-4
-1183,1492,-3040,-103,-43,90,11,-1,2
-819,-1576,-5913,45,75,52,-1,-1,13
-2613,-68,782,6,179,-84,7,-13,4
-5954,6081,2108,121,-98,-27,8,-10,-4
-663,1583,4370,39,21,-60,-1,-6,-8
6418,-2323,553,-73,0,-19,-9,5,0
-5207,5192,-3452,-73,-80,99,16,-6,1
3793,7607,163,30,-114,-37,-10,-9,2
6358,2207,7378,-164,-27,-76,-3,-3,-11
2143,-2368,-1112,23,79,21,-6,0,1
28,7667,-5987,78,-116,-18,-5,-9,14
-6752,-5983,-1622,149,153,100,5,3,-3
1423,-148,5683,16,5,58,-4,0,-16
99,-4719,1707,-15,111,-41,1,6,-2
-126,-2619,4782,59,79,-99,-4,2,-7
-2101,2481,132,8,-47,-17,6,-4,1
4449,56,2132,-33,-41,-6,-11,3,-6
1349,-219,-1368,-91,-17,-9,3,2,5
-2551,-144,7657,78,45,-45,2,-3,-20
-501,3306,-1943,-56,-54,27,6,-6,4
-351,-1719,857,16,4,58,0,5,-7
2699,-144,207,24,-85,-46,-10,7,3
-1256,-4805,-1102,13,37,-74,3,12,9
5244,-2205,-4927,-117,50,105,-7,3,7
-6556,-2455,-352,108,-18,13,12,9,0
2294,345,-502,79,13,-33,-13,-2,4
1609,-2721,-1158,-60,17,-26,0,6,5
-3818,1410,1299,-27,88,-47,12,-10,0
3472,1572,-1104,25,-30,28,-11,-2,1
475,60,-1860,38,-2,-28,-4,0,7
1879,2004,165,0,10,-61,-5,-6,4
4282,-4341,-1050,-19,7,110,-10,11,-5
-8,-1451,1326,121,83,-113,-20,8,0
-1394,-1011,1172,19,73,-75,18,3,-4
751,1156,28,-44,-58,-43,-4,-8,8
-41,-274,-368,28,24,-7,-4,0,8
1730,1167,1040,-103,-41,-63,-9,-11,-4
-756,-1242,-566,81,124,131,-2,-2,-12
1109,2865,-454,29,14,108,-8,-15,-8
4709,2115,-1834,-109,-106,93,-12,0,0
-1731,765,-1614,45,35,-65,4,-7,14
-11224,-6621,-2260,58,6,88,19,13,-1
2075,-7148,654,-67,71,122,0,10,-9
835,-2529,4932,85,-30,-48,-7,7,-7
3253,-1940,-896,-25,-129,44,-5,12,-1
-4311,-5133,-5081,-21,-90,19,10,16,9
-2792,695,-4306,26,10,90,4,-2,3
8585,726,-4337,-53,25,-85,-14,-3,14
5020,-359,2545,-98,-52,-35,-4,4,-3
-58,819,1200,82,70,29,-6,-8,-6
-2408,494,7725,85,31,-154,1,-4,-12
-4558,-856,-1600,28,7,-54,12,2,9
-4308,3369,-3325,122,-149,67,4,1,5
-2883,-1481,-1300,130,32,90,-1,2,-3
-3958,7244,75,95,-213,-43,5,-6,3
779,-1855,1337,71,108,149,-6,-3,-12
-1949,-1452,5956,-33,-145,-144,6,12,-3
5956,-5513,469,-48,2,-31,-9,11,1
459,-514,352,-17,11,24,-3,4,-7
-2726,-306,560,172,-19,1,5,6,-6
-906,-553,-753,18,0,-31,7,6,13
-1283,-1814,-1130,117,97,5,-3,6,12
-1530,58,911,38,30,-75,11,-5,1
-2726,370,-324,172,-64,-29,5,5,8
-3769,4069,1688,76,-138,-31,2,1,-1
2555,5718,-3310,-110,-29,11,2,-8,5
4306,-3802,-5146,-4,111,30,-7,0,7
-8818,-9939,8692,-73,99,-97,19,11,-9
1620,3933,-233,40,-64,-27,-5,-3,2
566,-3819,-2307,-34,-11,-36,1,7,6
2478,2570,-6985,37,-37,37,-6,-2,9
-1092,-12060,2570,31,-15,-38,0,20,-2
1253,5685,785,54,126,-41,-5,-16,1
5033,-90,855,-108,111,-43,-2,-6,1
-1302,-6775,-10940,-17,-94,60,3,16,14
-259,-1149,-12,41,117,38,-3,-4,-5
66,-3086,-1637,23,133,149,-4,15,-3
365,-902,365,-35,63,2,1,1,-4
-843,568,77,26,-26,34,1,0,-3
-843,246,169,38,-84,-102,0,6,8
-6501,-2031,-728,176,27,-51,9,5,7
-38,-1663,1181,27,71,-122,-2,0,6
-1947,706,3435,-22,-44,-52,9,1,-8
-981,-2307,-2752,-28,123,157,6,-2,-3
-2959,384,2561,130,6,-14,0,-2,-8
1227,2546,1411,44,-100,-72,-8,-1,1
2262,706,5321,-13,-80,-98,-7,4,-11
-153,1097,-1832,68,-73,-39,-5,2,10
3165,-6594,1081,28,94,-14,-14,16,-3
-377,-2845,1886,-106,39,-133,10,7,4
-1573,3342,-989,-18,-50,40,7,-8,0
4039,1617,2392,-154,-11,-23,-2,-5,-7
-538,950,644,-63,6,77,7,-4,-9
83,6194,3887,66,-138,-88,-6,-11,-7
1647,99,3496,-62,-17,1,-1,1,-13
-2355,-959,-1909,76,101,92,2,-5,-1
1440,2238,5313,-77,-62,-90,1,-3,-12
-1317,5089,3312,73,-110,-39,-2,-2,-3
-3312,10479,4677,22,-120,12,4,-10,-8
-2997,9044,4467,-23,-115,-126,6,-8,0
223,-1351,-3618,-61,-70,159,3,6,-3
-7547,-7756,-2323,53,41,32,9,10,2
-5727,154,8212,73,121,19,5,-7,-14
1203,6139,3137,-53,-122,2,1,-3,-5
-1142,9709,1072,-130,28,-11,9,-17,-1
1161,979,-77,-26,-98,4,-14,1,1
17,-517,1287,24,26,-66,-5,3,-8
-929,-1144,-957,68,101,84,2,0,1
-346,-1397,-550,69,160,17,-7,-6,6
-368,-66,440,23,93,-67,1,-15,5
-764,-44,22,-37,-29,7,17,5,-1
83,627,-1243,0,-42,116,-2,-3,0
-1083,1529,737,70,-112,-46,4,-5,-3
182,308,1287,-69,-25,-90,8,-1,-4
-1105,-374,-1045,30,121,32,11,-15,11
-2213,1178,6768,0,-156,-1,4,7,-12
-2873,2960,-294,54,-57,9,2,-2,0
-827,7580,366,77,-61,-11,-3,-10,0
6829,-571,-723,-87,-52,-97,-7,4,7
-2811,2192,-2132,132,-76,55,-3,1,0
-4098,2894,5863,105,-74,-150,0,0,0
-4410,11006,-494,33,-22,93,4,-13,-4
10020,-11809,6682,83,3,-31,-17,15,-7
14076,-6817,-2795,-121,55,152,-12,6,-4
3546,5663,6253,-31,-5,-120,-3,-7,-2
-2967,164,3679,36,36,46,2,-2,-7
-1290,-1786,130,13,-54,37,1,5,-2
-640,-346,13,55,-43,-25,1,14,4
-570,649,973,37,-49,-121,3,-3,4
470,314,423,32,-10,-11,-15,-4,-6
165,-481,763,-20,53,10,0,-1,-16
-1115,734,-292,119,3,22,-2,-14,1
90,1094,378,4,-110,-12,-3,0,-5
-1210,1199,103,90,-49,43,5,-13,-10
300,-616,553,16,61,-57,-9,0,0
-290,-1116,-307,42,78,7,-3,6,4
-1349,-5506,3250,90,90,-78,-3,6,-2
5236,3074,1945,-21,-103,12,-10,0,-5
1234,-7547,1158,-11,228,-122,-4,10,6
684,494,2489,14,-80,-125,-4,5,1
-4739,-4555,773,19,69,-47,17,12,1
3555,901,-85,-36,5,107,-11,-4,-9
-460,3211,-2285,-3,-123,0,2,-2,9
1267,-4291,-1801,-70,103,139,1,8,-5
-2836,2144,1983,128,-63,36,0,-3,-11
-316,-8774,1886,46,35,0,-2,12,-3
2414,-1144,5316,-32,-57,-44,-2,5,-6
2729,-6079,6961,67,-6,-1,-8,10,-11
5494,536,-2559,-12,-105,-53,-8,5,7
1784,-2754,-1824,-104,151,-2,3,-4,3
-3886,3511,-6654,166,-136,64,-3,2,7
6544,2706,4126,-78,-41,8,-6,-2,-7
1701,80,-2199,-61,13,65,0,-1,1
-7987,4896,55,53,-130,28,16,-3,-2
945,682,2743,53,6,19,-6,-2,-8
-2471,-1362,-8723,30,-8,95,4,4,15
1477,850,4171,-24,-87,-32,-2,4,-8
-5117,-1684,195,23,163,81,11,-7,-6
1355,38,-1433,-123,0,61,0,0,11
640,-677,547,-52,41,-107,-1,4,9
-1439,236,-872,137,12,10,-1,-5,11
354,-424,63,-68,-12,3,6,9,-2
-207,-820,360,31,60,18,-2,3,-9
1300,-127,-2830,-106,-15,134,-2,5,20
1300,467,-157,-64,9,23,-9,-8,-2
1003,1303,624,-103,-91,6,2,-4,-11
543,-5818,6322,-15,49,-34,0,8,-10
-5681,6502,1346,97,27,-27,5,-14,-1
1199,-3722,978,-19,132,-131,-1,-1,6
-2017,-1562,3266,-100,48,12,10,0,-7
239,-3866,-1486,44,120,-54,-3,0,6
9055,2774,546,-17,94,-35,-16,-11,1
-6145,3686,-702,128,49,103,4,-10,-5
6303,-1690,-1774,-96,184,54,-6,-8,0
1487,630,-974,-61,-37,-70,1,1,6
-5201,5398,738,49,-54,58,7,-7,-5
-5109,-512,258,28,85,-26,7,-4,1
1062,-8621,2043,-66,96,-96,2,9,2
2337,6390,5103,-121,-188,-151,3,0,0
6638,10640,-5267,-90,2,-56,-6,-18,12
7352,8583,2995,-111,-165,-54,-6,-5,-2
-9818,-4660,-7936,114,67,40,10,4,11
-128,-7584,1839,109,118,-55,-6,6,0
89,-550,697,10,66,-4,-3,-3,-9
-230,792,675,15,-80,-62,1,1,1
1277,-132,15,-74,-14,52,-7,4,-8
-538,-858,-425,37,70,38,2,1,1
5539,-5207,-2926,-55,-69,79,-5,11,0
3356,6892,-7181,-129,-73,4,2,-6,10
6168,-7353,-6589,42,103,45,-11,5,7
2357,-11386,1625,31,3,13,-5,16,-3
-2712,3710,-2038,-60,-63,-40,7,-2,5
-825,-1470,256,-92,-56,-140,6,5,7
8055,-397,2809,-47,10,-38,-9,0,-2
-3378,935,9210,-23,-26,-59,6,0,-10
-4782,194,361,-50,-24,-9,9,1,0
880,-8261,5225,-4,62,-20,-1,8,-6
-2255,6635,-13110,98,-18,14,-2,-8,17
4794,2835,-627,-68,82,-22,-3,-8,2
-963,-3815,3173,64,23,-83,-2,4,0
-3769,-7006,594,1,106,-16,5,4,0
-957,3235,1525,44,12,-21,-1,-5,-1
6054,6066,11044,-43,35,-135,-6,-10,-8
197,-178,6319,24,-14,-104,-3,2,-16
-2729,2913,-2217,42,-28,54,7,-9,4
-3301,-3060,-490,-1,71,10,13,6,1
-1035,-772,-2679,103,36,75,-5,0,4
3343,1978,-2206,-27,-20,42,-11,-6,5
1167,-2559,2058,-66,-10,-75,0,16,-4
798,-3414,-444,-36,85,83,-1,11,-6
-507,-174,-2181,8,133,37,2,-13,9
-1155,2688,-552,-70,-45,13,14,-11,2
3471,-1317,3057,-99,16,-178,-10,6,1
2220,-849,-1893,-20,-48,78,-11,10,3
366,546,-2595,-12,17,60,-1,-5,9
-1857,186,-3675,-31,-20,101,14,1,11
-867,5811,816,47,-152,13,0,-18,-6
745,863,815,-58,-47,-51,0,-3,-1
-711,-1087,347,40,47,62,2,5,-12
407,-749,-498,45,112,43,-11,-8,0
-61,187,919,-17,-23,32,3,1,-14
-1465,-567,-1629,84,49,88,4,-1,6
-633,564,-836,139,11,34,-13,-8,5
394,-346,-1798,-3,18,94,-4,1,7
-502,199,555,-8,24,-75,9,-7,4
983,-252,1721,-5,5,-169,-14,3,2
-183,-846,-2085,35,17,87,-3,10,17
-161,34,-292,33,39,-28,-3,-7,9
587,397,-1788,-53,-12,120,0,-4,7
1126,265,-413,-66,-24,13,-6,0,4
-799,-230,-1920,67,27,168,1,-1,1
26,771,544,-26,-28,-74,4,-7,4
-1063,-340,-864,109,37,78,-2,-1,0
-794,-330,1460,32,116,-47,0,-8,-1
-5419,2820,-3390,35,16,108,14,-10,2
3606,1070,-115,-66,-44,-127,-6,0,10
-888,-1577,3758,7,-28,-138,2,7,-1
1512,-1252,-3542,28,50,89,-7,0,4
37,7573,4208,-4,-199,-169,0,-8,0
1762,5723,5583,44,-151,-146,-9,-6,-6
3787,-2202,-2542,-24,-42,-55,-10,10,12
-263,-1727,-1292,21,69,51,-1,0,0
-3513,823,1533,21,-85,-62,9,4,0
562,-4227,-2892,-12,78,102,-1,7,1
2358,7899,-911,34,-110,-34,-5,-5,3
7982,698,-10050,3,21,31,-11,-2,12
-5128,5562,1274,75,-29,84,3,-6,-6
4399,11259,-3787,-81,-51,13,-3,-17,6
-10550,-4482,4430,-19,-16,-83,20,9,-3
7666,3669,536,-61,60,-50,-10,-10,2
7996,732,1427,-20,-21,-43,-13,0,0
7721,-6410,-10522,-208,23,112,0,8,9
-11186,1989,9865,132,-14,-97,9,-2,-9
4058,11202,-2493,81,-73,-143,-10,-12,11
12531,6799,5055,-53,-201,-43,-15,1,-5
1801,-9222,-3307,-67,118,50,1,7,2
2615,-6854,5980,-70,111,-30,0,4,-7
-708,-584,587,5,8,-94,10,7,7
-235,1066,81,106,-64,-54,-14,-6,8
-158,1132,-1778,9,-64,181,1,-7,-3
-1346,901,367,87,-31,-8,6,-9,-4
403,-67,-799,-36,15,86,0,-2,-2
-1126,1759,1082,55,-49,-55,8,-19,-7
-2523,4489,-3801,142,-65,121,-3,-10,3
1893,-647,-1389,33,-26,-67,-9,4,10
-420,-27,1979,-35,10,-71,7,-1,-5
-896,1554,2217,92,-101,-103,-4,1,-3
2504,-1319,-1965,-72,113,134,-8,-4,-2
5,-622,551,111,9,-32,-12,3,0
-692,-2033,1044,44,110,-16,0,1,-5
1161,-996,330,16,67,-64,-9,-1,5
-3803,-554,-214,74,32,13,17,0,0
-794,-2186,1690,41,83,-81,1,5,-2
-607,-707,1826,-24,41,-44,7,0,-7
6410,1869,-7453,105,-50,39,-14,0,8
-4762,5270,1762,-30,-81,11,8,-3,-3
1280,-1323,1173,-33,112,7,0,-4,-2
-4230,-7631,-5591,73,83,29,2,6,6
6049,-8885,3282,-100,-1,-29,-3,12,-3
1622,4358,11756,-42,-18,-135,0,-5,-9
-9094,995,4555,45,51,35,10,-4,-8
398,870,2607,-29,-62,-51,1,2,-2
-1710,-184,2917,-73,116,3,8,-7,-6
1704,1250,-1485,84,-49,4,-11,0,4
-6031,-2052,2831,71,105,-54,12,-2,-4
1405,691,-8921,55,40,101,-8,-5,18
1366,2238,5041,-65,21,-31,1,-8,-12
-350,2316,-5853,1,-90,64,1,0,12
-2594,-477,7441,134,108,-93,-3,-6,-10
1666,5448,-4484,-39,-167,-83,-1,-1,15
1471,2283,616,76,16,-67,-8,-6,3
2476,1038,9211,27,-51,-121,-7,1,-12
891,-6578,958,24,60,-104,-4,13,5
-648,-2420,3550,-45,-10,-4,5,7,-9
3078,415,-1148,-43,95,44,-5,-8,0
3645,-1637,-2741,48,73,47,-13,-1,4
4509,3250,1309,-26,-80,79,-10,-3,-9
2457,2602,-230,8,-84,-88,-7,-1,7
-5643,-719,-4442,210,81,68,0,-4,7
-3510,5167,5521,117,101,-35,1,-21,-12
4212,3250,-3227,-141,-80,-5,-1,-3,9
3942,-1772,-1607,-75,64,47,-5,0,1
2107,-3823,2307,-51,-27,-114,-2,12,2
-2159,-2446,-3309,51,-22,94,2,8,2
1459,8084,-2553,-55,-160,10,0,-10,6
4429,6329,4062,-95,-39,17,-5,-14,-12
1108,4034,-3795,-28,-10,42,-1,-10,7
1081,2900,1551,-97,46,-58,4,-11,0
-3374,-664,-1824,-30,-74,-73,11,7,10
-2132,1388,-2067,-34,-38,34,8,-1,3
-1754,2900,-5550,-34,-38,51,7,-5,11
2592,3789,4102,-49,-21,-103,-3,-8,-3
-2938,4111,2310,47,69,-10,4,-15,-5
-2893,-5730,-8358,-22,-5,65,5,8,8
-841,7646,4068,-115,-6,-106,7,-10,0
1952,-5939,-11626,-52,-58,-5,0,11,16
4992,-1531,1085,-93,-57,31,-2,5,-3
2598,7646,2985,48,-6,20,-6,-10,-5
6341,4036,14062,-109,-67,-135,-3,-2,-12
-94,-308,-510,-9,38,71,3,-1,-3
1526,657,-325,-105,-86,-52,-9,4,16
681,1597,660,-48,-136,31,-4,-4,-17
666,-178,-125,-52,-19,-28,-3,7,8
491,-368,855,-51,66,-82,0,-5,0
666,-338,595,-52,-3,-45,-3,7,-2
1011,372,-455,-81,-30,-6,-4,-1,10
-1284,-53,115,165,-70,-30,-7,14,4
591,-1728,-1105,-6,169,92,-10,1,4
-1214,-508,50,114,58,103,1,-1,-19
-2647,295,974,-4,69,3,10,-7,-4
3103,-1108,1917,-74,-2,-2,-5,4,-7
4000,4389,77,-101,-157,54,-6,-3,-5
-232,-1798,-2729,83,76,-52,-6,0,14
-1336,-4121,-1694,107,69,95,-4,9,-2
2183,-2764,-199,2,106,30,-8,1,-2
-1911,2526,-3626,36,-112,95,4,0,5
26,3282,36,0,470,2,3,-31,3
-1234,1546,-2484,-170,218,-349,6,-15,24
-2707,-869,-40,-388,-127,-7,30,9,0
-1374,-1968,-1383,-200,-276,-198,10,22,14
1833,-2255,688,264,-325,104,-18,21,-6
-2313,1222,1697,-327,174,239,23,-11,-14
-2398,-1590,-1545,-345,-228,-214,24,15,15
-738,-2572,1650,-101,-367,232,9,25,-13
-7,1339,-2756,-1,191,-393,0,-13,31
1282,-1746,1584,185,-252,231,-12,12,-10
-328,2755,-1816,-46,394,-262,2,-26,15
-1867,-2578,139,-267,-366,19,13,23,0
2671,739,-1277,381,107,-182,-29,-7,6
-162,-2991,1418,-27,-422,202,1,27,-12
-2026,-2217,-1067,-289,-318,-155,21,29,10
-2182,1537,1794,-309,216,256,29,-17,-13
-1146,3253,-713,-168,465,-102,11,-33,7
1399,-1825,1417,196,-259,202,-16,15,-9
-497,-2652,-1230,-67,-377,-176,12,33,10
-1212,-997,1727,-175,-137,251,12,9,-15
2289,2152,-199,324,306,-28,-18,-21,-2
-2152,1071,-1142,-300,152,-163,22,-17,11
832,-2965,-814,118,-420,-120,-11,31,12
-2420,1408,878,-345,204,121,25,-14,-5
1603,-2018,596,226,-285,83,-12,20,-1
-233,-1085,-2488,-35,-151,-352,1,10,25
426,3031,416,56,433,59,-4,-25,-5
-2802,787,954,-400,106,139,28,-7,-10
-1809,-2739,-136,-258,-394,-19,21,30,1
1265,1341,2270,178,195,329,-13,-13,-21
2142,1023,-1895,310,147,-267,-21,-10,18
178,-2831,-1341,23,-402,-187,1,31,12
-1846,-2165,125,-264,-311,20,14,21,-1
-140,-1640,-2251,-20,-234,-320,1,21,27
-309,1334,-2827,-44,189,-405,7,-13,29
1403,-805,-2084,201,-113,-298,-16,5,17
-1963,-1957,516,-283,-279,77,21,20,-3
-1857,-1920,1759,-265,-276,251,21,20,-11
-542,-2062,-1394,-79,-286,-202,0,19,11
-18,-1233,-1887,-1,-178,-269,0,16,20
1824,1834,2319,257,264,328,-18,-18,-18
2344,-753,-1517,335,-108,-216,-23,13,16
-873,-2712,936,-123,-390,132,9,25,-8
752,-1396,-2211,105,-196,-316,-2,13,27
-2375,-762,-478,-341,-111,-70,23,0,0
-1392,-428,-2276,-198,-65,-325,15,7,21
-1996,1195,2354,-284,172,342,17,-11,-21
-2306,-921,-507,-324,-128,-70,22,13,8
-2077,120,-2266,-294,17,-323,17,-4,19
1969,-755,1925,282,-111,274,-23,6,-19
-3178,176,46,-458,24,8,31,-6,5
343,6,2639,48,1,374,-7,1,-24
1007,1092,2528,143,153,363,-9,-7,-25
2302,-882,798,327,-126,116,-28,11,-4
1461,-1654,2023,211,-237,288,-11,14,-21
-2108,288,1967,-299,45,277,25,-2,-17
-2754,-1149,963,-395,-170,138,28,14,-14
-1650,1350,-1660,-239,191,-239,11,-13,19
1108,3279,-601,156,469,-85,-15,-29,9
2090,-1098,1990,294,-158,281,-23,11,-20
2156,175,2098,308,26,301,-17,0,-15
-2687,-961,-1428,-388,-138,-206,27,4,13
-394,2660,-1095,-60,383,-159,-1,-29,8
785,1509,-2006,112,215,-288,-6,-19,22
-489,-537,2781,-68,-76,394,0,5,-29
-1134,2046,-1322,-160,292,-186,8,-21,13
-3087,1118,29,-442,158,4,30,-7,-5
562,-1790,-2035,76,-251,-291,-6,18,20
-1934,-2072,1437,-278,-292,206,18,15,-19
433,-470,3409,66,-67,483,-5,4,-34
1816,-174,1912,263,-25,274,-12,-5,-18
-501,-2855,1226,-71,-406,175,5,26,-12
824,1108,-3045,118,157,-433,-7,-11,29
-1247,2707,654,-177,386,92,17,-25,-6
1800,-1501,-1840,257,-211,-263,-12,15,19
140,-2682,-278,20,-382,-35,-5,18,0
-1176,2038,-1756,-170,287,-246,11,-18,22
-360,2912,984,-58,413,143,4,-26,-13
-2174,2262,29,-310,325,3,24,-21,-4
335,3533,-216,48,508,-28,-3,-39,1
-731,-659,-2769,-104,-93,-395,6,6,28
3052,-85,-629,441,-6,-89,-28,0,7
1126,-502,2242,158,-71,320,-12,5,-17
558,2044,-2046,79,293,-291,-7,-20,17
837,2778,-717,114,396,-100,-7,-28,12
728,-366,2856,100,-50,408,-12,2,-25
-2687,-204,865,-382,-32,127,26,4,-7
-132,2508,-2030,-23,358,-290,-1,-32,21
-210,2521,-2430,-25,360,-348,1,-26,24
-96,-1434,-1825,-14,-206,-263,2,14,13
1129,-3178,80,164,-455,8,-12,29,-2
-1118,-1119,-2125,-158,-159,-302,11,7,22
-40,670,2452,-1,94,345,3,-9,-25
710,2943,356,101,417,52,-3,-32,-1
-2203,1654,-592,-314,239,-86,20,-11,11
-2109,2830,-932,-300,403,-128,25,-28,8
-238,3110,-789,-33,448,-115,7,-27,9
-2347,2037,-1100,-335,296,-154,24,-21,12
1991,-1603,974,283,-226,132,-21,17,-8
-1312,2363,-454,-187,336,-63,18,-25,4
968,-124,3121,138,-17,445,-9,0,-35
403,-2317,1541,57,-330,220,-4,24,-15
-1225,-2296,856,-175,-335,121,6,22,-6
-1479,98,2846,-209,13,404,20,-4,-25
-2329,-1614,-205,-331,-231,-27,25,14,2
148,1046,-2886,18,143,-412,-6,-11,29
-2546,833,191,-367,119,27,26,-9,-1
2813,-32,-1676,401,-7,-239,-26,0,16
-1309,2647,1567,-182,376,226,10,-21,-17
-2747,-1718,226,-394,-244,31,27,17,-1
1009,1269,-2742,146,183,-392,-8,-16,32
940,2373,1958,131,337,280,-6,-23,-22
563,-738,-2468,84,-102,-351,-3,7,26
16,-2236,2076,4,-321,298,2,19,-20
1374,337,2641,195,47,381,-12,0,-25
2616,-1001,-830,366,-141,-124,-28,9,17
-491,-1265,2608,-72,-182,373,1,12,-29
-1962,-621,-1741,-280,-83,-249,25,6,15
-3056,-1292,880,-438,-184,126,30,11,-8
-1199,-226,-2012,-174,-35,-284,10,2,21
-3445,-401,-167,-491,-61,-22,33,1,-7
1764,-2770,-347,257,-391,-46,-21,29,8
-1328,2299,1298,-191,329,184,15,-21,-13
-1071,320,2278,-148,51,323,6,-7,-25
-2042,-32,1697,-293,-2,245,21,-1,-16
-1452,-159,-2489,-207,-17,-354,18,4,24
-2498,1179,-309,-357,166,-45,22,-12,3
-2139,899,1471,-302,135,215,20,-6,-10
-1611,-731,2254,-230,-104,323,17,3,-23
-1773,1366,-2452,-254,194,-342,17,-13,25
1501,2455,700,209,353,95,-15,-24,-1
-93,-481,-3304,-13,-68,-473,0,7,34
-1388,2735,-954,-200,386,-138,13,-27,6
1445,-2367,1279,209,-340,184,-15,23,-9
651,-2499,-2031,94,-357,-291,-4,24,21
1400,-752,-2502,203,-114,-362,-14,13,24
-2764,1280,-563,-394,180,-80,33,-12,3
-1263,-857,2370,-186,-121,338,12,8,-25
1881,-1370,-1841,266,-197,-263,-20,12,22
950,599,-2371,138,85,-333,-9,-6,24
-241,-3313,747,-34,-476,111,3,33,-10
-966,-2672,-806,-137,-384,-118,10,29,8
-544,1215,-2899,-79,172,-418,6,-7,26
2176,2829,395,312,400,58,-16,-26,2
-2254,-2102,189,-316,-300,25,23,20,-1
-40,1135,-2975,1,162,-426,-1,-10,23
-1446,-820,-2883,-206,-117,-409,14,9,29
-258,-2346,-1873,-36,-330,-264,4,25,18
-2133,2194,-821,-298,311,-117,25,-24,11
2663,-1645,167,386,-237,23,-22,14,-5
1938,1929,-1872,278,274,-262,-27,-20,22
-2258,277,2186,-325,40,310,25,-5,-21
-2645,-1627,-497,-376,-231,-73,19,16,7
3164,294,12,451,42,4,-31,-2,3
-2028,2030,-1107,-290,290,-157,20,-24,9
2674,-869,1620,380,-125,234,-28,7,-16
730,-2584,386,106,-371,56,-8,29,-3
2848,99,1760,410,13,251,-24,-2,-17
2156,1504,-680,308,213,-93,-19,-17,2
1946,-517,1663,278,-72,233,-17,8,-18
-1587,-1746,-1543,-226,-248,-222,16,16,16
-657,2542,-2286,-93,364,-329,8,-25,22
-44,2252,2213,-10,321,313,-2,-23,-23
-707,-1455,2416,-105,-207,349,9,13,-24
1073,2257,-729,155,328,-100,-9,-20,8
-2083,-1631,1204,-292,-233,174,21,12,-13
-655,-2301,244,-93,-325,31,3,24,-7
301,-2348,-2012,43,-329,-292,-3,20,22
1635,-1371,2062,232,-195,292,-11,18,-12
156,2707,-157,21,380,-28,-1,-32,-1
673,91,-2610,92,8,-367,-3,3,23
1877,-560,-1810,265,-84,-263,-15,2,15
2757,-639,1584,391,-91,222,-27,6,-21
-2301,-1120,-1254,-334,-159,-183,21,13,12
-2484,-1248,-846,-354,-178,-117,21,7,5
-425,-1537,2861,-59,-219,408,5,9,-30
-286,-2627,1852,-40,-378,263,5,26,-21
1113,2662,824,155,381,114,-11,-26,-8
1261,359,2473,181,52,353,-17,-2,-24
-2046,2049,-467,-290,292,-71,20,-24,2
1250,-1075,-2054,178,-151,-294,-11,11,23
-2611,1933,-664,-377,269,-96,27,-18,3
-500,2880,308,-73,415,46,5,-30,-4
-869,-3008,-924,-123,-429,-132,12,29,9
695,921,2829,95,137,405,-5,-7,-28
745,2830,-1224,106,403,-179,-7,-32,12
-944,2632,-1999,-128,377,-288,9,-26,23
1170,-2219,-1510,165,-317,-217,-12,17,15
1232,1334,-2185,178,190,-312,-7,-17,17
-77,-2969,1648,-12,-419,235,0,29,-9
1978,2120,-864,286,301,-121,-22,-24,8
1950,-1580,-2029,272,-222,-287,-19,14,24
1875,-2201,747,260,-314,106,-10,22,-3
2376,-2053,923,341,-293,123,-23,16,-3
-941,-1683,2272,-134,-237,324,9,12,-18
2603,178,-541,368,29,-75,-22,-2,6
-2744,369,1384,-390,51,198,29,-3,-12
974,2547,-931,139,362,-136,-9,-25,12
777,-223,3216,110,-33,454,-13,-2,-36
572,-2732,-1147,82,-385,-162,0,32,10
-1304,2490,1692,-188,353,242,13,-23,-23
-2623,2032,-655,-369,290,-92,31,-23,3
-1274,259,-2562,-178,38,-363,10,-2,25
-2951,-750,1232,-421,-108,178,31,8,-16
-1330,-2514,-657,-192,-359,-89,13,26,3
-1550,-398,-3366,-227,-63,-475,15,1,33
2393,1229,-1065,347,175,-151,-25,-12,14
-1803,-490,-1347,-256,-68,-196,20,8,10
1082,-2345,585,159,-333,83,-12,23,-5
-2043,1075,776,-293,151,115,17,-10,-4
542,-2910,-656,82,-418,-97,-6,31,9
-1178,-1471,2650,-166,-208,378,11,14,-25
-2673,1495,925,-379,211,132,30,-5,-9
-395,2524,-1760,-57,360,-251,4,-18,21
2513,547,1301,357,77,186,-25,0,-14
-2285,820,1443,-324,120,203,20,-5,-12
-108,2687,-1653,-18,383,-237,5,-22,15
-463,-464,-2490,-66,-61,-354,6,3,26
2331,270,-810,334,33,-118,-21,-2,8
-107,-2822,-1827,-15,-407,-262,-2,24,20
-791,-2909,880,-113,-415,124,7,31,-7
1049,28,-2649,147,0,-371,-12,-1,30
602,-3025,-526,88,-432,-77,-2,28,-1
2618,-749,-1315,375,-106,-187,-26,7,9
-1998,-195,-1576,-284,-27,-227,11,5,12
-2784,-1509,428,-397,-217,60,22,15,-13
-267,-1380,2955,-38,-198,428,-3,12,-29
-2898,934,-312,-412,128,-42,27,-9,-3
-2536,2058,-1176,-367,297,-164,19,-20,10
3177,-376,-482,455,-50,-69,-32,7,3
-1168,2241,2036,-163,323,292,12,-20,-19
974,442,2586,140,66,366,-7,1,-26
-1048,2515,1512,-149,359,217,10,-25,-14
-1236,373,2973,-177,54,425,9,-5,-27
-1923,-1867,469,-280,-264,66,19,21,-11
-380,-2035,2200,-57,-292,312,1,20,-15
841,2666,-634,120,382,-93,-5,-24,6
3221,821,-239,466,117,-30,-37,-4,6
1238,935,1708,176,131,247,-6,-11,-16
694,-1690,2427,99,-240,347,-8,12,-28
2404,-541,-1184,345,-74,-167,-23,8,17
1609,-1927,-1391,231,-273,-198,-16,22,13
-2138,867,1952,-308,119,282,22,-13,-24
47,2685,1348,8,379,194,-1,-26,-15
-984,-1135,-2547,-136,-162,-367,9,14,25
-3102,-785,1079,-440,-113,155,31,10,-10
-2729,-683,-1043,-385,-100,-144,30,9,8
2861,1573,149,406,227,25,-27,-16,0
-2068,-1106,1593,-297,-159,225,21,11,-13
-2059,-1583,114,-293,-223,11,25,16,2
2723,-1638,-673,386,-235,-95,-22,13,1
-1336,2594,115,-185,373,16,13,-24,-1
-1991,1277,177,-286,184,21,13,-12,1
1860,2799,806,265,401,116,-18,-25,-11
-1924,-1124,-1124,-275,-160,-158,22,14,15
805,1491,-1876,118,213,-274,-7,-9,15
-2838,287,-399,-406,43,-58,28,3,4
-667,2981,-1731,-92,425,-247,5,-29,13
1175,509,-3034,166,70,-437,-11,-8,30
-184,-3075,413,-22,-445,61,1,30,-8
-1982,1818,-319,-278,259,-45,19,-16,1
-1441,-1217,2202,-200,-176,316,10,11,-22
1141,2556,510,160,366,73,-13,-30,-3
-727,-2943,1269,-103,-420,184,8,29,-12
1564,-297,1990,225,-50,289,-14,-4,-14
1858,-183,-1866,263,-28,-268,-16,1,21
-879,-3166,-312,-125,-452,-44,11,31,3
-2992,1127,844,-429,165,121,27,-9,-6
1390,2666,1472,201,379,209,-15,-33,-16
-216,-409,-3649,-30,-61,-517,3,4,37
1100,-372,-2433,155,-55,-347,-12,-2,27
1615,-2300,-1253,229,-327,-182,-12,21,10
-1750,-1738,1309,-255,-248,185,17,19,-11
-2086,176,1587,-298,27,230,18,-3,-16
-1416,-1715,2161,-203,-245,311,12,17,-21
3098,983,315,444,143,46,-34,-10,-2
1348,-1313,2999,188,-185,426,-13,12,-29
2218,360,-2307,313,51,-329,-27,-3,21
-2553,-328,-1720,-362,-44,-242,25,2,22
1760,-1892,1711,251,-273,245,-17,22,-12
360,-535,-2848,49,-80,-406,1,3,25
114,-2578,-974,19,-368,-140,0,29,9
1618,1631,1448,230,233,211,-16,-11,-19
-2226,912,-2559,-314,131,-363,22,-8,25
-2888,-1250,293,-407,-176,42,29,12,-2
1904,-2557,1311,270,-359,184,-16,26,-13
-1868,1924,-249,-265,275,-36,18,-20,2
-1561,-2553,-266,-223,-368,-34,18,30,6
-563,1146,-2585,-80,164,-364,5,-16,25
-601,-719,2292,-90,-100,326,10,6,-21
-1858,-139,-2282,-265,-20,-329,19,0,23
2687,-471,1707,380,-65,241,-27,4,-18
-2127,-271,-2178,-303,-35,-308,24,2,20
751,2240,1691,110,327,240,-7,-22,-16
3475,971,45,502,139,3,-28,-12,4
-902,-1145,-2725,-123,-163,-387,5,12,24
-1948,-906,2652,-279,-127,376,19,10,-26
2522,-214,-1562,358,-29,-224,-22,0,19
1937,2314,729,278,329,103,-16,-25,-2
1908,1826,-311,270,262,-42,-26,-15,3
-1728,1757,-1529,-251,251,-213,15,-16,19
-2526,193,1302,-360,31,188,30,-3,-14
2857,974,1294,411,138,185,-24,-9,-17
2049,1115,-2112,292,163,-304,-24,-12,18
151,-986,2498,20,-142,356,-6,6,-21
-777,-2141,-1892,-111,-303,-274,7,23,18
1965,-1631,-2283,276,-231,-330,-20,15,24
-2944,-299,-1325,-420,-49,-190,27,9,10
-2649,-1565,-1577,-378,-225,-228,25,13,15
9,-3601,112,-1,-515,18,0,35,-6
2531,-121,498,364,-17,71,-31,-4,-4
1985,-743,1613,281,-105,231,-22,4,-13
-866,-438,3044,-121,-62,434,9,3,-25
-1484,2146,809,-218,300,116,15,-19,-10
2442,124,1072,347,17,153,-26,-2,-10
-568,-2150,1293,-81,-308,186,5,21,-13
2136,-752,-2247,300,-105,-324,-24,6,24
-2243,1150,-1780,-320,165,-252,22,-12,17
-2741,-771,679,-392,-108,100,26,3,-3
-348,-1428,-2750,-46,-205,-390,3,11,27
-721,-139,-2824,-102,-21,-406,5,0,24
-1720,714,1805,-248,104,249,17,-7,-18
2258,866,664,324,122,90,-27,-9,-6
918,1647,1705,132,234,247,-5,-15,-17
1442,420,-2724,211,58,-388,-15,-2,19
1049,-2608,1772,149,-371,254,-10,24,-18
-1261,844,-2911,-182,125,-414,10,-8,33
88,-2584,1727,11,-369,249,3,26,-17
-1722,1809,-592,-244,258,-90,19,-16,8
-2213,1714,47,-317,241,5,19,-17,-5
501,627,3067,65,89,436,-6,-3,-31
-699,2719,-773,-96,388,-108,7,-28,6
2072,-2168,1331,297,-311,190,-18,18,-13
-2755,-376,-374,-393,-54,-45,31,4,3
-2587,1961,-358,-369,278,-51,22,-23,3
641,3047,1625,89,434,236,0,-27,-18
-1110,2445,1320,-162,349,186,15,-24,-12
1813,-2299,-875,254,-328,-130,-15,21,7
37,-2728,1117,6,-389,161,3,30,-11
-556,239,-3307,-75,34,-472,3,-2,37
1080,-24,-2699,154,-4,-388,-13,-2,26
-1182,-118,-2811,-172,-14,-396,8,8,20
581,2154,-1429,82,306,-204,-5,-28,18
-2319,-647,2429,-331,-91,346,23,2,-27
2625,747,-1001,375,104,-143,-22,-7,13
1825,-1021,1763,255,-147,246,-19,8,-16
1743,-1890,1631,249,-267,235,-17,18,-19
-917,2794,-622,-129,399,-88,8,-27,9
2743,245,-2001,397,31,-287,-29,-3,20
-2845,-1104,1073,-409,-158,151,29,13,-8
-2053,-997,-2069,-294,-138,-297,20,7,20
2794,1158,-582,396,164,-83,-27,-5,9
2039,1119,2138,291,161,306,-19,-12,-18
-1127,2000,-2440,-162,290,-346,5,-19,24
959,2450,-1112,137,348,-155,-3,-24,11
1699,1604,2336,245,229,329,-15,-14,-21
1416,2788,-1279,202,401,-177,-14,-27,15
1049,3010,125,152,430,16,-16,-29,2
613,-1143,2477,81,-163,350,-7,8,-24
-176,2153,-2170,-28,307,-312,-5,-18,22
-589,-3028,629,-82,-431,89,5,29,-5
1335,-2142,-1540,188,-309,-218,-9,19,17
-2502,-1934,-262,-355,-271,-34,27,21,1
-3324,82,-754,-477,7,-108,32,-3,2
-1266,977,-3018,-180,134,-430,7,-6,30
-1194,-698,-2879,-168,-101,-412,14,7,25
839,1031,2236,119,147,320,-11,-10,-22
-710,-1424,2384,-97,-202,340,7,10,-23
-158,-3047,-479,-25,-434,-70,4,30,-2
1474,1782,-1941,209,251,-271,-13,-19,22
-254,1836,2855,-40,265,406,2,-21,-28
504,-531,3280,76,-75,466,-4,6,-30
2716,1423,458,392,203,65,-25,-8,-7
168,-2793,519,24,-402,73,-1,29,-3
826,-990,-3180,115,-141,-452,-2,9,31
-2523,-249,-1991,-364,-38,-287,24,1,16
-2747,-21,385,-392,-6,56,27,2,-6
698,1666,2255,99,235,318,-5,-16,-18
3121,-997,278,447,-148,35,-29,16,-8
2377,-1069,-517,336,-148,-75,-23,6,6
-1926,1044,2327,-277,152,335,17,-11,-22
513,1614,-2359,73,225,-339,-9,-15,24
245,-1538,-2277,28,-222,-321,-4,13,20
-3247,559,-93,-462,76,-15,27,-3,2
663,1944,-2188,94,281,-312,-5,-25,21
445,-2916,350,62,-417,51,1,29,-2
-1372,655,-2230,-195,93,-320,11,-5,26
-1418,286,2795,-200,38,398,15,-4,-27
1267,2293,1144,180,321,163,-12,-25,-12
160,-3124,1437,20,-446,201,2,28,-13
-42,2255,-1403,-9,325,-201,4,-17,12
-1258,2437,1237,-178,340,178,13,-25,-14
-1954,1746,-2060,-276,248,-298,19,-16,19
-663,-870,2460,-91,-124,349,9,7,-24
1082,2470,-1401,148,351,-200,-8,-24,12
-688,226,3154,-98,30,448,5,-6,-30
1114,-305,2038,161,-47,292,-11,1,-19
-998,3184,-1491,-145,455,-213,6,-32,15
-2464,-226,-1307,-354,-32,-186,24,-2,13
-125,2158,1683,-20,310,236,1,-18,-16
2655,346,-938,378,50,-132,-24,-6,9
-2060,-1136,-309,-297,-163,-45,20,10,5
-1699,-2164,434,-239,-311,63,19,23,-9
-1855,1833,-2130,-265,257,-305,19,-15,25
-812,-2980,82,-117,-427,15,4,32,0
-1209,-1787,-2343,-174,-256,-334,7,14,22
-2231,-516,2195,-318,-73,313,27,9,-20
2842,919,-821,402,126,-115,-26,-12,5
-1971,-2242,235,-279,-315,29,22,20,1
1384,2186,-80,197,311,-14,-15,-21,4
-1563,-2781,291,-226,-397,41,15,25,2
1802,2648,674,262,377,95,-22,-30,-3
122,-2888,1159,15,-412,165,-3,26,-9
-555,-3143,-873,-81,-449,-121,3,27,8
-617,1157,-2499,-91,165,-356,5,-10,24
-1623,-206,2535,-227,-34,362,17,2,-24
-2288,1772,-427,-324,258,-65,23,-16,6
294,1187,-2901,42,170,-411,-3,-11,34
1981,1952,-367,281,274,-54,-18,-22,2
2597,690,-1251,368,100,-177,-22,-3,15
