0,0 85 68 17 80%
0,1 89 66 23 74%
0,2 89 69 20 77%
0,3 92 71 21 77%
0,4 89 69 20 77%
0,5 88 71 17 80%
0,6 87 72 15 82%
0,7 89 72 17 80%
0,8 87 67 20 77%
0,9 88 69 19 78%
0,10 89 66 23 74%
0,11 85 66 19 77%
0,12 90 67 23 74%
0,13 89 70 19 78%
0,14 94 71 23 75%
0,15 94 66 28 70%
0,16 85 71 14 83%
0,17 85 69 16 81%
0,18 94 70 24 74%
0,19 86 70 16 81%
0,20 92 65 27 70%
0,21 92 70 22 76%
0,22 89 72 17 80%
0,23 94 68 26 72%
0,24 89 66 23 74%
0,25 92 70 22 76%
0,26 94 68 26 72%
0,27 86 66 20 76%
0,28 94 69 25 73%
0,29 88 69 19 78%
1,0 85 70 15 82%
1,1 91 64 27 70%
1,2 88 66 22 75%
1,3 85 73 12 85%
1,4 93 72 21 77%
1,5 85 69 16 81%
1,6 91 65 26 71%
1,7 93 72 21 77%
1,8 87 72 15 82%
1,9 92 73 19 79%
1,10 91 67 24 73%
1,11 87 65 22 74%
1,12 94 70 24 74%
1,13 86 70 16 81%
1,14 87 64 23 73%
1,15 86 65 21 75%
1,16 94 68 26 72%
1,17 89 70 19 78%
1,18 91 64 27 70%
1,19 89 67 22 75%
1,20 94 69 25 73%
1,21 90 67 23 74%
1,22 87 72 15 82%
1,23 93 64 29 68%
1,24 90 71 19 78%
1,25 93 65 28 69%
1,26 93 72 21 77%
1,27 86 64 22 74%
1,28 90 66 24 73%
1,29 89 73 16 82%
2,0 85 71 14 83%
2,1 90 67 23 74%
2,2 93 73 20 78%
2,3 88 69 19 78%
2,4 85 64 21 75%
2,5 88 73 15 82%
2,6 90 70 20 77%
2,7 92 73 19 79%
2,8 90 71 19 78%
2,9 86 69 17 80%
2,10 87 64 23 73%
2,11 85 65 20 76%
2,12 90 70 20 77%
2,13 90 73 17 81%
2,14 87 72 15 82%
2,15 94 71 23 75%
2,16 89 64 25 71%
2,17 93 72 21 77%
2,18 91 72 19 79%
2,19 91 71 20 78%
2,20 94 65 29 69%
2,21 86 64 22 74%
2,22 86 67 19 77%
2,23 87 64 23 73%
2,24 94 70 24 74%
2,25 85 69 16 81%
2,26 93 67 26 72%
2,27 87 70 17 80%
2,28 86 71 15 82%
2,29 85 64 21 75%
3,0 91 73 18 80%
3,1 87 71 16 81%
3,2 91 70 21 76%
3,3 86 66 20 76%
3,4 88 69 19 78%
3,5 88 72 16 81%
3,6 93 66 27 70%
3,7 91 67 24 73%
3,8 90 64 26 71%
3,9 93 67 26 72%
3,10 86 73 13 84%
3,11 85 67 18 78%
3,12 88 68 20 77%
3,13 91 70 21 76%
3,14 88 66 22 75%
3,15 90 71 19 78%
3,16 89 64 25 71%
3,17 92 70 22 76%
3,18 89 71 18 79%
3,19 89 69 20 77%
3,20 91 70 21 76%
3,21 90 71 19 78%
3,22 92 66 26 71%
3,23 90 68 22 75%
3,24 85 67 18 78%
3,25 92 67 25 72%
3,26 87 65 22 74%
3,27 87 65 22 74%
3,28 87 68 19 78%
3,29 88 66 22 75%
4,0 93 67 26 72%
4,1 92 66 26 71%
4,2 87 65 22 74%
4,3 92 66 26 71%
4,4 85 71 14 83%
4,5 90 67 23 74%
4,6 91 64 27 70%
4,7 90 71 19 78%
4,8 94 69 25 73%
4,9 85 67 18 78%
4,10 89 73 16 82%
4,11 91 72 19 79%
4,12 89 64 25 71%
4,13 87 71 16 81%
4,14 85 72 13 84%
4,15 86 65 21 75%
4,16 85 65 20 76%
4,17 90 71 19 78%
4,18 91 67 24 73%
4,19 90 65 25 72%
4,20 91 69 22 75%
4,21 91 69 22 75%
4,22 88 66 22 75%
4,23 87 64 23 73%
4,24 87 69 18 79%
4,25 90 66 24 73%
4,26 90 65 25 72%
4,27 91 65 26 71%
4,28 94 64 30 68%
4,29 89 68 21 76%
5,0 86 72 14 83%
5,1 89 69 20 77%
5,2 86 66 20 76%
5,3 90 73 17 81%
5,4 85 69 16 81%
5,5 90 65 25 72%
5,6 94 72 22 76%
5,7 92 71 21 77%
5,8 89 73 16 82%
5,9 90 65 25 72%
5,10 89 67 22 75%
5,11 89 68 21 76%
5,12 86 68 18 79%
5,13 87 68 19 78%
5,14 94 66 28 70%
5,15 86 66 20 76%
5,16 90 71 19 78%
5,17 91 68 23 74%
5,18 94 66 28 70%
5,19 85 72 13 84%
5,20 86 72 14 83%
5,21 85 67 18 78%
5,22 90 67 23 74%
5,23 94 67 27 71%
5,24 86 72 14 83%
5,25 91 66 25 72%
5,26 92 70 22 76%
5,27 85 68 17 80%
5,28 87 73 14 83%
5,29 94 66 28 70%
6,0 90 70 20 77%
6,1 88 69 19 78%
6,2 91 66 25 72%
6,3 86 68 18 79%
6,4 92 67 25 72%
6,5 88 67 21 76%
6,6 89 69 20 77%
6,7 85 72 13 84%
6,8 88 72 16 81%
6,9 94 68 26 72%
6,10 92 68 24 73%
6,11 94 70 24 74%
6,12 93 65 28 69%
6,13 89 64 25 71%
6,14 90 64 26 71%
6,15 90 69 21 76%
6,16 94 67 27 71%
6,17 94 66 28 70%
6,18 89 68 21 76%
6,19 92 70 22 76%
6,20 93 73 20 78%
6,21 85 70 15 82%
6,22 88 65 23 73%
6,23 94 72 22 76%
6,24 90 66 24 73%
6,25 93 69 24 74%
6,26 94 68 26 72%
6,27 87 68 19 78%
6,28 90 71 19 78%
6,29 89 69 20 77%
7,0 90 71 19 78%
7,1 90 65 25 72%
7,2 87 64 23 73%
7,3 88 67 21 76%
7,4 93 69 24 74%
7,5 91 71 20 78%
7,6 93 68 25 73%
7,7 88 65 23 73%
7,8 94 71 23 75%
7,9 94 68 26 72%
7,10 88 64 24 72%
7,11 92 65 27 70%
7,12 87 64 23 73%
7,13 86 71 15 82%
7,14 89 71 18 79%
7,15 89 70 19 78%
7,16 88 68 20 77%
7,17 88 64 24 72%
7,18 91 69 22 75%
7,19 88 66 22 75%
7,20 90 65 25 72%
7,21 94 73 21 77%
7,22 93 69 24 74%
7,23 89 67 22 75%
7,24 94 69 25 73%
7,25 89 66 23 74%
7,26 94 64 30 68%
7,27 89 73 16 82%
7,28 86 69 17 80%
7,29 91 66 25 72%
8,0 90 70 20 77%
8,1 85 70 15 82%
8,2 93 66 27 70%
8,3 88 68 20 77%
8,4 86 70 16 81%
8,5 85 70 15 82%
8,6 85 66 19 77%
8,7 87 66 21 75%
8,8 88 66 22 75%
8,9 85 67 18 78%
8,10 91 71 20 78%
8,11 88 71 17 80%
8,12 93 67 26 72%
8,13 91 65 26 71%
8,14 87 70 17 80%
8,15 94 66 28 70%
8,16 91 70 21 76%
8,17 87 72 15 82%
8,18 86 72 14 83%
8,19 88 66 22 75%
8,20 93 69 24 74%
8,21 89 67 22 75%
8,22 85 67 18 78%
8,23 85 71 14 83%
8,24 90 69 21 76%
8,25 92 71 21 77%
8,26 91 71 20 78%
8,27 87 65 22 74%
8,28 89 64 25 71%
8,29 85 65 20 76%
9,0 85 69 16 81%
9,1 93 69 24 74%
9,2 94 69 25 73%
9,3 94 73 21 77%
9,4 88 66 22 75%
9,5 88 68 20 77%
9,6 89 70 19 78%
9,7 93 73 20 78%
9,8 93 68 25 73%
9,9 94 71 23 75%
9,10 86 67 19 77%
9,11 85 64 21 75%
9,12 88 66 22 75%
9,13 88 67 21 76%
9,14 89 64 25 71%
9,15 86 66 20 76%
9,16 88 64 24 72%
9,17 92 66 26 71%
9,18 87 72 15 82%
9,19 90 67 23 74%
9,20 90 65 25 72%
9,21 85 70 15 82%
9,22 92 69 23 75%
9,23 89 69 20 77%
9,24 93 72 21 77%
9,25 89 73 16 82%
9,26 90 69 21 76%
9,27 88 66 22 75%
9,28 92 69 23 75%
9,29 86 67 19 77%
10,0 89 66 23 74%
10,1 88 67 21 76%
10,2 87 66 21 75%
10,3 92 65 27 70%
10,4 88 68 20 77%
10,5 90 70 20 77%
10,6 89 73 16 82%
10,7 91 72 19 79%
10,8 93 70 23 75%
10,9 88 72 16 81%
10,10 94 73 21 77%
10,11 90 67 23 74%
10,12 91 66 25 72%
10,13 89 73 16 82%
10,14 94 66 28 70%
10,15 93 71 22 76%
10,16 91 71 20 78%
10,17 91 73 18 80%
10,18 88 67 21 76%
10,19 93 72 21 77%
10,20 90 64 26 71%
10,21 86 70 16 81%
10,22 86 66 20 76%
10,23 91 71 20 78%
10,24 93 71 22 76%
10,25 86 73 13 84%
10,26 86 70 16 81%
10,27 86 65 21 75%
10,28 93 71 22 76%
10,29 90 65 25 72%
11,0 90 67 23 74%
11,1 85 66 19 77%
11,2 89 73 16 82%
11,3 91 69 22 75%
11,4 87 68 19 78%
11,5 88 73 15 82%
11,6 87 66 21 75%
11,7 90 69 21 76%
11,8 85 69 16 81%
11,9 505 493 12 97%
11,10 85 65 20 76%
11,11 94 66 28 70%
11,12 89 66 23 74%
11,13 85 66 19 77%
11,14 88 66 22 75%
11,15 90 73 17 81%
11,16 85 73 12 85%
11,17 94 71 23 75%
11,18 88 68 20 77%
11,19 94 67 27 71%
11,20 89 64 25 71%
11,21 85 64 21 75%
11,22 87 72 15 82%
11,23 92 64 28 69%
11,24 93 67 26 72%
11,25 89 66 23 74%
11,26 89 68 21 76%
11,27 88 70 18 79%
11,28 91 73 18 80%
11,29 94 64 30 68%
12,0 91 70 21 76%
12,1 93 68 25 73%
12,2 85 71 14 83%
12,3 91 72 19 79%
12,4 91 73 18 80%
12,5 86 73 13 84%
12,6 85 72 13 84%
12,7 93 68 25 73%
12,8 86 65 21 75%
12,9 510 494 16 96%
12,10 92 65 27 70%
12,11 91 67 24 73%
12,12 85 73 12 85%
12,13 92 68 24 73%
12,14 88 64 24 72%
12,15 94 68 26 72%
12,16 93 64 29 68%
12,17 90 68 22 75%
12,18 93 64 29 68%
12,19 85 68 17 80%
12,20 92 73 19 79%
12,21 85 70 15 82%
12,22 86 71 15 82%
12,23 89 73 16 82%
12,24 93 72 21 77%
12,25 94 64 30 68%
12,26 87 68 19 78%
12,27 94 64 30 68%
12,28 86 66 20 76%
12,29 91 67 24 73%
13,0 86 73 13 84%
13,1 86 70 16 81%
13,2 86 73 13 84%
13,3 90 72 18 80%
13,4 85 64 21 75%
13,5 85 69 16 81%
13,6 91 69 22 75%
13,7 93 65 28 69%
13,8 86 70 16 81%
13,9 504 499 5 99%
13,10 90 64 26 71%
13,11 90 71 19 78%
13,12 85 66 19 77%
13,13 88 73 15 82%
13,14 93 73 20 78%
13,15 89 72 17 80%
13,16 88 68 20 77%
13,17 87 66 21 75%
13,18 91 72 19 79%
13,19 85 66 19 77%
13,20 88 65 23 73%
13,21 94 66 28 70%
13,22 88 71 17 80%
13,23 89 67 22 75%
13,24 88 64 24 72%
13,25 89 71 18 79%
13,26 92 69 23 75%
13,27 87 73 14 83%
13,28 91 71 20 78%
13,29 87 72 15 82%
14,0 88 73 15 82%
14,1 90 68 22 75%
14,2 89 69 20 77%
14,3 93 64 29 68%
14,4 85 71 14 83%
14,5 90 68 22 75%
14,6 91 68 23 74%
14,7 94 64 30 68%
14,8 94 64 30 68%
14,9 506 497 9 98%
14,10 89 67 22 75%
14,11 94 71 23 75%
14,12 92 64 28 69%
14,13 89 71 18 79%
14,14 91 71 20 78%
14,15 90 71 19 78%
14,16 88 65 23 73%
14,17 93 67 26 72%
14,18 92 69 23 75%
14,19 85 65 20 76%
14,20 91 71 20 78%
14,21 90 71 19 78%
14,22 94 66 28 70%
14,23 93 69 24 74%
14,24 92 69 23 75%
14,25 85 66 19 77%
14,26 89 70 19 78%
14,27 87 64 23 73%
14,28 89 72 17 80%
14,29 91 69 22 75%
15,0 87 71 16 81%
15,1 85 69 16 81%
15,2 94 65 29 69%
15,3 92 70 22 76%
15,4 90 64 26 71%
15,5 88 72 16 81%
15,6 88 73 15 82%
15,7 90 73 17 81%
15,8 88 69 19 78%
15,9 510 498 12 97%
15,10 91 69 22 75%
15,11 86 70 16 81%
15,12 85 68 17 80%
15,13 88 71 17 80%
15,14 91 72 19 79%
15,15 88 66 22 75%
15,16 87 70 17 80%
15,17 87 72 15 82%
15,18 91 73 18 80%
15,19 93 72 21 77%
15,20 94 73 21 77%
15,21 88 72 16 81%
15,22 91 64 27 70%
15,23 94 67 27 71%
15,24 91 70 21 76%
15,25 88 65 23 73%
15,26 91 71 20 78%
15,27 93 71 22 76%
15,28 88 67 21 76%
15,29 86 64 22 74%
16,0 89 69 20 77%
16,1 91 69 22 75%
16,2 94 66 28 70%
16,3 94 66 28 70%
16,4 85 73 12 85%
16,5 87 68 19 78%
16,6 94 72 22 76%
16,7 87 72 15 82%
16,8 86 72 14 83%
16,9 505 493 12 97%
16,10 87 65 22 74%
16,11 87 65 22 74%
16,12 94 71 23 75%
16,13 94 69 25 73%
16,14 93 66 27 70%
16,15 92 67 25 72%
16,16 92 69 23 75%
16,17 86 73 13 84%
16,18 89 68 21 76%
16,19 88 68 20 77%
16,20 87 69 18 79%
16,21 88 71 17 80%
16,22 92 67 25 72%
16,23 86 72 14 83%
16,24 89 67 22 75%
16,25 90 70 20 77%
16,26 89 68 21 76%
16,27 86 66 20 76%
16,28 89 72 17 80%
16,29 94 72 22 76%
17,0 85 65 20 76%
17,1 91 71 20 78%
17,2 91 67 24 73%
17,3 88 69 19 78%
17,4 89 72 17 80%
17,5 86 69 17 80%
17,6 90 65 25 72%
17,7 90 64 26 71%
17,8 88 71 17 80%
17,9 505 490 15 97%
17,10 87 66 21 75%
17,11 89 70 19 78%
17,12 91 73 18 80%
17,13 91 73 18 80%
17,14 85 66 19 77%
17,15 91 67 24 73%
17,16 88 64 24 72%
17,17 86 69 17 80%
17,18 93 69 24 74%
17,19 94 72 22 76%
17,20 92 71 21 77%
17,21 89 73 16 82%
17,22 85 65 20 76%
17,23 85 69 16 81%
17,24 93 65 28 69%
17,25 90 72 18 80%
17,26 89 67 22 75%
17,27 91 73 18 80%
17,28 86 67 19 77%
17,29 86 71 15 82%
18,0 86 72 14 83%
18,1 87 68 19 78%
18,2 86 73 13 84%
18,3 89 73 16 82%
18,4 90 73 17 81%
18,5 88 72 16 81%
18,6 92 66 26 71%
18,7 91 71 20 78%
18,8 89 73 16 82%
18,9 510 492 18 96%
18,10 87 64 23 73%
18,11 91 65 26 71%
18,12 93 67 26 72%
18,13 92 68 24 73%
18,14 85 72 13 84%
18,15 93 64 29 68%
18,16 86 64 22 74%
18,17 86 73 13 84%
18,18 93 64 29 68%
18,19 88 73 15 82%
18,20 93 72 21 77%
18,21 85 64 21 75%
18,22 87 72 15 82%
18,23 88 68 20 77%
18,24 93 64 29 68%
18,25 94 66 28 70%
18,26 89 68 21 76%
18,27 87 64 23 73%
18,28 88 67 21 76%
18,29 87 73 14 83%
19,0 85 72 13 84%
19,1 86 68 18 79%
19,2 89 68 21 76%
19,3 92 64 28 69%
19,4 90 66 24 73%
19,5 93 72 21 77%
19,6 93 66 27 70%
19,7 87 65 22 74%
19,8 86 69 17 80%
19,9 509 492 17 96%
19,10 89 64 25 71%
19,11 92 65 27 70%
19,12 92 73 19 79%
19,13 85 68 17 80%
19,14 90 68 22 75%
19,15 92 70 22 76%
19,16 92 69 23 75%
19,17 92 66 26 71%
19,18 87 65 22 74%
19,19 92 71 21 77%
19,20 87 67 20 77%
19,21 94 73 21 77%
19,22 94 69 25 73%
19,23 90 67 23 74%
19,24 89 70 19 78%
19,25 91 66 25 72%
19,26 85 65 20 76%
19,27 91 68 23 74%
19,28 87 68 19 78%
19,29 88 70 18 79%
20,0 91 69 22 75%
20,1 90 64 26 71%
20,2 89 72 17 80%
20,3 94 72 22 76%
20,4 91 64 27 70%
20,5 91 71 20 78%
20,6 88 65 23 73%
20,7 93 70 23 75%
20,8 91 73 18 80%
20,9 509 497 12 97%
20,10 93 66 27 70%
20,11 86 66 20 76%
20,12 86 73 13 84%
20,13 94 70 24 74%
20,14 85 69 16 81%
20,15 85 68 17 80%
20,16 86 70 16 81%
20,17 85 73 12 85%
20,18 89 73 16 82%
20,19 89 64 25 71%
20,20 94 69 25 73%
20,21 85 66 19 77%
20,22 87 71 16 81%
20,23 85 71 14 83%
20,24 85 70 15 82%
20,25 93 65 28 69%
20,26 90 65 25 72%
20,27 89 71 18 79%
20,28 89 66 23 74%
20,29 89 64 25 71%
21,0 90 65 25 72%
21,1 92 71 21 77%
21,2 90 64 26 71%
21,3 90 66 24 73%
21,4 89 71 18 79%
21,5 89 65 24 73%
21,6 94 73 21 77%
21,7 88 66 22 75%
21,8 85 67 18 78%
21,9 508 497 11 97%
21,10 94 71 23 75%
21,11 87 72 15 82%
21,12 88 66 22 75%
21,13 86 64 22 74%
21,14 87 73 14 83%
21,15 89 65 24 73%
21,16 93 69 24 74%
21,17 88 73 15 82%
21,18 85 67 18 78%
21,19 90 73 17 81%
21,20 93 66 27 70%
21,21 91 64 27 70%
21,22 86 68 18 79%
21,23 86 67 19 77%
21,24 91 65 26 71%
21,25 87 67 20 77%
21,26 94 71 23 75%
21,27 89 64 25 71%
21,28 87 71 16 81%
21,29 86 68 18 79%
22,0 90 71 19 78%
22,1 88 73 15 82%
22,2 91 72 19 79%
22,3 89 72 17 80%
22,4 92 72 20 78%
22,5 86 73 13 84%
22,6 87 65 22 74%
22,7 85 73 12 85%
22,8 94 71 23 75%
22,9 508 492 16 96%
22,10 93 66 27 70%
22,11 91 67 24 73%
22,12 86 64 22 74%
22,13 91 64 27 70%
22,14 86 65 21 75%
22,15 89 71 18 79%
22,16 89 69 20 77%
22,17 91 72 19 79%
22,18 91 70 21 76%
22,19 92 66 26 71%
22,20 92 72 20 78%
22,21 94 64 30 68%
22,22 85 67 18 78%
22,23 89 71 18 79%
22,24 91 71 20 78%
22,25 94 65 29 69%
22,26 87 71 16 81%
22,27 85 72 13 84%
22,28 93 69 24 74%
22,29 91 68 23 74%
23,0 86 67 19 77%
23,1 91 69 22 75%
23,2 85 64 21 75%
23,3 86 68 18 79%
23,4 90 66 24 73%
23,5 89 71 18 79%
23,6 87 66 21 75%
23,7 93 70 23 75%
23,8 93 66 27 70%
23,9 502 494 8 98%
23,10 88 70 18 79%
23,11 87 66 21 75%
23,12 86 67 19 77%
23,13 94 72 22 76%
23,14 87 70 17 80%
23,15 91 67 24 73%
23,16 93 68 25 73%
23,17 93 65 28 69%
23,18 89 64 25 71%
23,19 93 66 27 70%
23,20 89 73 16 82%
23,21 87 73 14 83%
23,22 93 71 22 76%
23,23 93 73 20 78%
23,24 94 69 25 73%
23,25 91 70 21 76%
23,26 93 69 24 74%
23,27 90 67 23 74%
23,28 90 65 25 72%
23,29 93 73 20 78%
24,0 85 66 19 77%
24,1 85 70 15 82%
24,2 92 72 20 78%
24,3 94 66 28 70%
24,4 87 68 19 78%
24,5 87 71 16 81%
24,6 86 70 16 81%
24,7 94 68 26 72%
24,8 87 65 22 74%
24,9 505 497 8 98%
24,10 85 68 17 80%
24,11 89 67 22 75%
24,12 90 66 24 73%
24,13 94 65 29 69%
24,14 86 73 13 84%
24,15 93 66 27 70%
24,16 88 64 24 72%
24,17 93 65 28 69%
24,18 93 66 27 70%
24,19 87 66 21 75%
24,20 88 70 18 79%
24,21 93 66 27 70%
24,22 88 73 15 82%
24,23 87 73 14 83%
24,24 90 66 24 73%
24,25 87 67 20 77%
24,26 89 67 22 75%
24,27 87 69 18 79%
24,28 92 69 23 75%
24,29 88 67 21 76%
25,0 88 72 16 81%
25,1 87 66 21 75%
25,2 85 68 17 80%
25,3 88 73 15 82%
25,4 89 70 19 78%
25,5 89 70 19 78%
25,6 87 69 18 79%
25,7 88 73 15 82%
25,8 91 72 19 79%
25,9 507 498 9 98%
25,10 94 73 21 77%
25,11 93 67 26 72%
25,12 94 69 25 73%
25,13 91 65 26 71%
25,14 93 73 20 78%
25,15 91 69 22 75%
25,16 91 65 26 71%
25,17 88 69 19 78%
25,18 85 69 16 81%
25,19 92 69 23 75%
25,20 85 65 20 76%
25,21 87 67 20 77%
25,22 93 65 28 69%
25,23 91 71 20 78%
25,24 86 73 13 84%
25,25 91 67 24 73%
25,26 90 69 21 76%
25,27 93 72 21 77%
25,28 93 66 27 70%
25,29 88 71 17 80%
26,0 94 71 23 75%
26,1 94 72 22 76%
26,2 91 73 18 80%
26,3 89 69 20 77%
26,4 94 71 23 75%
26,5 93 65 28 69%
26,6 93 65 28 69%
26,7 88 66 22 75%
26,8 94 71 23 75%
26,9 507 493 14 97%
26,10 93 69 24 74%
26,11 89 65 24 73%
26,12 90 0 90 0%
26,13 92 67 25 72%
26,14 87 71 16 81%
26,15 94 66 28 70%
26,16 89 71 18 79%
26,17 87 65 22 74%
26,18 88 66 22 75%
26,19 92 66 26 71%
26,20 92 70 22 76%
26,21 86 68 18 79%
26,22 94 70 24 74%
26,23 87 64 23 73%
26,24 87 73 14 83%
26,25 85 66 19 77%
26,26 94 67 27 71%
26,27 86 66 20 76%
26,28 86 69 17 80%
26,29 91 67 24 73%
27,0 94 73 21 77%
27,1 93 65 28 69%
27,2 92 66 26 71%
27,3 87 68 19 78%
27,4 93 73 20 78%
27,5 87 72 15 82%
27,6 91 69 22 75%
27,7 89 64 25 71%
27,8 86 69 17 80%
27,9 508 498 10 98%
27,10 91 72 19 79%
27,11 87 72 15 82%
27,12 90 69 21 76%
27,13 90 72 18 80%
27,14 85 69 16 81%
27,15 90 66 24 73%
27,16 94 68 26 72%
27,17 92 66 26 71%
27,18 94 73 21 77%
27,19 93 64 29 68%
27,20 85 68 17 80%
27,21 86 67 19 77%
27,22 85 66 19 77%
27,23 87 65 22 74%
27,24 94 70 24 74%
27,25 91 65 26 71%
27,26 92 69 23 75%
27,27 88 68 20 77%
27,28 90 72 18 80%
27,29 89 66 23 74%
28,0 85 66 19 77%
28,1 85 66 19 77%
28,2 93 69 24 74%
28,3 92 66 26 71%
28,4 93 69 24 74%
28,5 90 66 24 73%
28,6 90 69 21 76%
28,7 86 64 22 74%
28,8 94 70 24 74%
28,9 505 498 7 98%
28,10 88 71 17 80%
28,11 87 73 14 83%
28,12 93 72 21 77%
28,13 86 64 22 74%
28,14 87 73 14 83%
28,15 92 73 19 79%
28,16 88 68 20 77%
28,17 89 67 22 75%
28,18 91 65 26 71%
28,19 94 68 26 72%
28,20 88 64 24 72%
28,21 86 70 16 81%
28,22 91 65 26 71%
28,23 91 65 26 71%
28,24 94 70 24 74%
28,25 92 71 21 77%
28,26 89 71 18 79%
28,27 86 64 22 74%
28,28 87 67 20 77%
28,29 94 73 21 77%
29,0 91 64 27 70%
29,1 87 67 20 77%
29,2 93 68 25 73%
29,3 86 72 14 83%
29,4 87 66 21 75%
29,5 89 65 24 73%
29,6 86 67 19 77%
29,7 86 71 15 82%
29,8 94 66 28 70%
29,9 505 491 14 97%
29,10 86 70 16 81%
29,11 94 66 28 70%
29,12 86 68 18 79%
29,13 91 72 19 79%
29,14 87 67 20 77%
29,15 90 65 25 72%
29,16 88 69 19 78%
29,17 88 69 19 78%
29,18 85 69 16 81%
29,19 88 73 15 82%
29,20 90 68 22 75%
29,21 88 70 18 79%
29,22 89 72 17 80%
29,23 93 70 23 75%
29,24 85 72 13 84%
29,25 88 72 16 81%
29,26 93 73 20 78%
29,27 90 68 22 75%
29,28 91 65 26 71%
29,29 93 71 22 76%
30,0 93 64 29 68%
30,1 94 73 21 77%
30,2 87 71 16 81%
30,3 93 71 22 76%
30,4 94 72 22 76%
30,5 89 72 17 80%
30,6 88 73 15 82%
30,7 85 73 12 85%
30,8 88 64 24 72%
30,9 503 490 13 97%
30,10 87 68 19 78%
30,11 86 65 21 75%
30,12 86 65 21 75%
30,13 85 67 18 78%
30,14 85 73 12 85%
30,15 87 70 17 80%
30,16 93 68 25 73%
30,17 88 70 18 79%
30,18 93 66 27 70%
30,19 94 73 21 77%
30,20 86 64 22 74%
30,21 93 67 26 72%
30,22 88 64 24 72%
30,23 90 72 18 80%
30,24 93 65 28 69%
30,25 89 66 23 74%
30,26 88 69 19 78%
30,27 91 71 20 78%
30,28 92 68 24 73%
30,29 85 72 13 84%
31,0 88 65 23 73%
31,1 90 73 17 81%
31,2 89 66 23 74%
31,3 89 72 17 80%
31,4 91 68 23 74%
31,5 89 67 22 75%
31,6 85 67 18 78%
31,7 90 73 17 81%
31,8 86 64 22 74%
31,9 510 497 13 97%
31,10 85 64 21 75%
31,11 87 66 21 75%
31,12 92 67 25 72%
31,13 93 70 23 75%
31,14 94 65 29 69%
31,15 89 73 16 82%
31,16 85 65 20 76%
31,17 85 66 19 77%
31,18 89 73 16 82%
31,19 89 73 16 82%
31,20 85 73 12 85%
31,21 93 66 27 70%
31,22 87 65 22 74%
31,23 90 72 18 80%
31,24 85 71 14 83%
31,25 89 66 23 74%
31,26 94 72 22 76%
31,27 91 71 20 78%
31,28 87 71 16 81%
31,29 92 69 23 75%
32,0 94 67 27 71%
32,1 92 66 26 71%
32,2 86 69 17 80%
32,3 94 69 25 73%
32,4 91 68 23 74%
32,5 92 72 20 78%
32,6 91 66 25 72%
32,7 88 64 24 72%
32,8 89 65 24 73%
32,9 506 499 7 98%
32,10 88 68 20 77%
32,11 91 69 22 75%
32,12 91 65 26 71%
32,13 90 64 26 71%
32,14 92 73 19 79%
32,15 91 70 21 76%
32,16 87 64 23 73%
32,17 92 72 20 78%
32,18 90 71 19 78%
32,19 91 68 23 74%
32,20 87 70 17 80%
32,21 93 71 22 76%
32,22 88 68 20 77%
32,23 87 65 22 74%
32,24 89 65 24 73%
32,25 93 73 20 78%
32,26 94 67 27 71%
32,27 90 71 19 78%
32,28 93 73 20 78%
32,29 91 71 20 78%